 Serial 


n -> 0
100.0 100.0 100.0 100.0 100.0 100.0 100.0 100.0 100.0 100.0 
100.0 100.0 100.0 100.0 100.0 100.0 100.0 100.0 100.0 100.0 
100.0 100.0 100.0 100.0 100.0 100.0 100.0 100.0 100.0 100.0 
100.0 100.0 100.0 100.0 100.0 100.0 100.0 100.0 100.0 100.0 
100.0 100.0 100.0 100.0 100.0 100.0 100.0 100.0 100.0 100.0 
50.0 50.0 50.0 50.0 50.0 50.0 50.0 50.0 50.0 50.0 
50.0 50.0 50.0 50.0 50.0 50.0 50.0 50.0 50.0 50.0 
50.0 50.0 50.0 50.0 50.0 50.0 50.0 50.0 50.0 50.0 
50.0 50.0 50.0 50.0 50.0 50.0 50.0 50.0 50.0 50.0 
50.0 50.0 50.0 50.0 50.0 50.0 50.0 50.0 50.0 50.0 


n -> 1
100.0 100.0 100.0 100.0 100.0 100.0 100.0 100.0 100.0 100.0 
100.0 100.0 100.0 100.0 100.0 100.0 100.0 100.0 100.0 100.0 
100.0 100.0 100.0 100.0 100.0 100.0 100.0 100.0 100.0 100.0 
99.2 100.0 100.0 100.0 100.0 100.0 100.0 100.0 100.0 99.2 
88.1 87.6 87.6 87.6 87.6 87.6 87.6 87.6 87.6 88.1 
61.9 62.4 62.4 62.4 62.4 62.4 62.4 62.4 62.4 61.9 
50.8 50.0 50.0 50.0 50.0 50.0 50.0 50.0 50.0 50.8 
50.0 50.0 50.0 50.0 50.0 50.0 50.0 50.0 50.0 50.0 
50.0 50.0 50.0 50.0 50.0 50.0 50.0 50.0 50.0 50.0 
50.0 50.0 50.0 50.0 50.0 50.0 50.0 50.0 50.0 50.0 


n -> 2
100.0 100.0 100.0 100.0 100.0 100.0 100.0 100.0 100.0 100.0 
100.0 100.0 100.0 100.0 100.0 100.0 100.0 100.0 100.0 100.0 
99.7 100.0 100.0 100.0 100.0 100.0 100.0 100.0 100.0 99.7 
96.7 96.7 96.9 96.9 96.9 96.9 96.9 96.9 96.7 96.7 
84.6 84.5 84.4 84.4 84.4 84.4 84.4 84.4 84.5 84.6 
65.4 65.5 65.6 65.6 65.6 65.6 65.6 65.6 65.5 65.4 
53.3 53.3 53.1 53.1 53.1 53.1 53.1 53.1 53.3 53.3 
50.3 50.0 50.0 50.0 50.0 50.0 50.0 50.0 50.0 50.3 
50.0 50.0 50.0 50.0 50.0 50.0 50.0 50.0 50.0 50.0 
50.0 50.0 50.0 50.0 50.0 50.0 50.0 50.0 50.0 50.0 


n -> 3
100.0 100.0 100.0 100.0 100.0 100.0 100.0 100.0 100.0 100.0 
99.9 100.0 100.0 100.0 100.0 100.0 100.0 100.0 100.0 99.9 
99.0 99.1 99.2 99.2 99.2 99.2 99.2 99.2 99.1 99.0 
94.5 94.6 94.6 94.6 94.6 94.6 94.6 94.6 94.6 94.5 
83.0 82.8 82.9 82.9 82.9 82.9 82.9 82.9 82.8 83.0 
67.0 67.2 67.1 67.1 67.1 67.1 67.1 67.1 67.2 67.0 
55.5 55.4 55.4 55.4 55.4 55.4 55.4 55.4 55.4 55.5 
51.0 50.9 50.8 50.8 50.8 50.8 50.8 50.8 50.9 51.0 
50.1 50.0 50.0 50.0 50.0 50.0 50.0 50.0 50.0 50.1 
50.0 50.0 50.0 50.0 50.0 50.0 50.0 50.0 50.0 50.0 


n -> 4
100.0 100.0 100.0 100.0 100.0 100.0 100.0 100.0 100.0 100.0 
99.7 99.8 99.8 99.8 99.8 99.8 99.8 99.8 99.8 99.7 
98.1 98.2 98.2 98.3 98.3 98.3 98.3 98.2 98.2 98.1 
92.8 92.8 92.8 92.8 92.8 92.8 92.8 92.8 92.8 92.8 
81.9 81.9 81.8 81.9 81.9 81.9 81.9 81.8 81.9 81.9 
68.1 68.1 68.2 68.1 68.1 68.1 68.1 68.2 68.1 68.1 
57.2 57.2 57.2 57.2 57.2 57.2 57.2 57.2 57.2 57.2 
51.9 51.8 51.8 51.7 51.7 51.7 51.7 51.8 51.8 51.9 
50.3 50.2 50.2 50.2 50.2 50.2 50.2 50.2 50.2 50.3 
50.0 50.0 50.0 50.0 50.0 50.0 50.0 50.0 50.0 50.0 
Final time output: 0.000521
Exit with no error,experiment succesful 
